//This project is licensed under the terms of the Creative Commons CC BY-NC-ND 4.0 license.

//------------------------------------------------------------------------------
// Derivative and Dissipation Operators
//------------------------------------------------------------------------------

#define ORDER 6
#define NUM_BOUNDS 8
#define STENCIL_WIDTH 15
#define STENCIL_WIDTH_HOD 4 //Stencil width for high order dissipation (HOD)

/*
Coefficients of the first derivative operator.

For each row, the central coefficient corresponds to the nodes at which the
derivative is computed.
*/
REAL constant SBP_diff[2*NUM_BOUNDS+1][STENCIL_WIDTH] = {
  // left boundary coefficients
  {0.0, 0.0, 0.0, 0.0, 0.0, 0.0, 0.0, -1.694029296324548, 2.2544400845574146, -0.08620936936595677, -0.6743331558049105, -0.07168333624323447, 0.38115659167302335, -0.08731913763956911, -0.022022380852219126},
  {0.0, 0.0, 0.0, 0.0, 0.0, 0.0, -0.4365525804636584, 0.0, 0.12187865127311552, 0.42004468901091385, 0.0470417141198997, -0.2125755994195112, 0.05032210731569905, 0.009841018163541479, 0.0},
  {0.0, 0.0, 0.0, 0.0, 0.0, 0.09741494725447933, -0.711215002547361, 0.0, 0.8403260918548099, -0.37986080371212877, 0.22013700587387647, -0.07661058352779537, 0.009808344804119466, 0.0, 0.0},
  {0.0, 0.0, 0.0, 0.0, 0.11103870430595493, -0.35718853265672956, -0.12245501860532282, 0.0, 0.14863285514606336, 0.3046668200409279, -0.07709684669473892, -0.007597981536154871, 0.0, 0.0, 0.0},
  {0.0, 0.0, 0.0, 0.05057247589531842, -0.17138834402848946, 0.23716432273447202, -0.6368115841111023, 0.0, 0.45802944394754846,0.11968856778065982, -0.05725488221840702, 0.0, 0.0, 0.0, 0.0},
  {0.0, 0.0, -0.08825366313016443, 0.25418203725254873, -0.04510775672577946, -0.42840506197919914, -0.15032343689393768, 0.0, 0.49588737738338984, -0.05105411266688221, 0.013074616760024358, 0.0, 0.0, 0.0, 0.0},
  {0.0, 0.027868806551392657, -0.08294111904346851, 0.02163847109859378, 0.1494327114564729, -0.05414590249550342, -0.6835380274603214, 0.0, 0.7658629221663829, -0.16220009505774236, 0.018022232784193595, 0.0, 0.0, 0.0, 0.0},
  {0.006441573285017685, -0.01486516911927158, -0.0025389390555661823, 0.013496651847819854, 0.023738004203261713, 0.06449545481541777, -0.7018911953245108, 0.0, 0.743258455963579, -0.1486516911927158, 0.016516854576968422, 0.0, 0.0, 0.0, 0.0},
  // central coefficients
  {0.0, 0.0, 0.0, 0.0, -0.016666666666666666, 0.15, -0.75, 0.0, 0.75, -0.15, 0.016666666666666666, 0.0, 0.0, 0.0, 0.0},
  // right boundary coefficients
  {0.0, 0.0, 0.0, 0.0, -0.016516854576968422, 0.1486516911927158, -0.743258455963579, 0.0, 0.7018911953245108, -0.06449545481541777, -0.023738004203261713, -0.013496651847819854, 0.0025389390555661823, 0.01486516911927158, -0.006441573285017685},
  {0.0, 0.0, 0.0, 0.0, -0.018022232784193595, 0.16220009505774236, -0.7658629221663829, 0.0, 0.6835380274603214, 0.05414590249550342, -0.1494327114564729, -0.02163847109859378, 0.08294111904346851, -0.027868806551392657, 0.0},
  {0.0, 0.0, 0.0, 0.0, -0.013074616760024358, 0.05105411266688221, -0.49588737738338984, 0.0, 0.15032343689393768, 0.42840506197919914, 0.04510775672577946, -0.25418203725254873, 0.08825366313016443, 0.0, 0.0},
  {0.0, 0.0, 0.0, 0.0, 0.05725488221840702, -0.11968856778065982, -0.45802944394754846, 0.0, 0.6368115841111023, -0.23716432273447202, 0.17138834402848946, -0.05057247589531842, 0.0, 0.0, 0.0},
  {0.0, 0.0, 0.0, 0.007597981536154871, 0.07709684669473892, -0.3046668200409279, -0.14863285514606336, 0.0, 0.12245501860532282, 0.35718853265672956, -0.11103870430595493, 0.0, 0.0, 0.0, 0.0},
  {0.0, 0.0, -0.009808344804119466, 0.07661058352779537, -0.22013700587387647, 0.37986080371212877, -0.8403260918548099, 0.0, 0.711215002547361, -0.09741494725447933, 0.0, 0.0, 0.0, 0.0, 0.0},
  {0.0, -0.009841018163541479, -0.05032210731569905, 0.2125755994195112, -0.0470417141198997, -0.42004468901091385, -0.12187865127311552, 0.0, 0.4365525804636584, 0.0, 0.0, 0.0, 0.0, 0.0, 0.0},
  {0.022022380852219126, 0.08731913763956911, -0.38115659167302335, 0.07168333624323447, 0.6743331558049105, 0.08620936936595677, -2.2544400845574146, 1.694029296324548, 0.0, 0.0, 0.0, 0.0, 0.0, 0.0, 0.0}
};


/*
Coefficients of the inverse mass/norm matrix.


The central coefficient corresponds to the inner nodes of the grid and is 1.
*/
REAL constant M_INV[2*NUM_BOUNDS+1] = {
  // left boundary coefficients
  3.388058592649096,
  0.656067877569432,
  3.8284417520438296,
  0.5578928353172239,
  2.390269768238421,
  0.7844770056014616,
  1.0813339670516158,
  0.9910112746181052,
  // central coefficients
  1.0,
  // right boundary coefficients
  0.9910112746181052,
  1.0813339670516158,
  0.7844770056014616,
  2.390269768238421,
  0.5578928353172239,
  3.8284417520438296,
  0.656067877569432,
  3.388058592649096
};


/*
Coeffcients of the high-order dissipation operator.

TODO: Explanation...
*/
REAL constant D_HO[2*NUM_BOUNDS+1][STENCIL_WIDTH_HOD] = {
  // left boundary coefficients
  {0.0,  0.0, 3.0, -1.0},
  {0.0, -3.0, 3.0, -1.0},
  {1.0, -3.0, 3.0, -1.0},
  {1.0, -3.0, 3.0, -1.0},
  {1.0, -3.0, 3.0, -1.0},
  {1.0, -3.0, 3.0, -1.0},
  {1.0, -3.0, 3.0, -1.0},
  {1.0, -3.0, 3.0, -1.0},
  // central coefficients
  {1.0, -3.0, 3.0, -1.0},
  // right boundary coefficients
  {1.0, -3.0, 3.0, -1.0},
  {1.0, -3.0, 3.0, -1.0},
  {1.0, -3.0, 3.0, -1.0},
  {1.0, -3.0, 3.0, -1.0},
  {1.0, -3.0, 3.0, -1.0},
  {1.0, -3.0, 3.0, -1.0},
  {1.0, -3.0, 3.0,  0.0},
  {1.0, -3.0, 0.0,  0.0},
};


//------------------------------------------------------------------------------
// Divergence Cleaning Operators
//------------------------------------------------------------------------------

// coefficients for the wide stencil operator using homogeneous Dirichlet boundary conditions
#define NUM_BOUNDS_LAPLACE_WS_D0 11
#define STENCIL_WIDTH_LAPLACE_WS_D0 19

REAL constant SBP_minus_laplace_WS_D0[2*NUM_BOUNDS_LAPLACE_WS_D0+1][STENCIL_WIDTH_LAPLACE_WS_D0] = {
  // left boundary coefficients
  {0.0, 0.0, 0.0, 0.0, 0.0, 0.0, 0.0, 0.0, 0.0, 0.0, 0.0, 0.0, 0.0, 0.0, 0.0, 0.0, 0.0, 0.0, 0.0},
  {0.0, 0.0, 0.0, 0.0, 0.0, 0.0, 0.0, 0.0, 0.0, 1.2873140685145867, -0.008007674862330453, -0.46556403405866437, -0.07689302932088085, 0.02380709547758367, 0.11029244583171628, -0.05431719019355113, 0.003627175119711488, 0.0005559672608339753, -0.00016254266589651946},
  {0.0, 0.0, 0.0, 0.0, 0.0, 0.0, 0.0, 0.0, -0.04672826978408694, 0.29968410909818916, 0.2281560082690572, -0.055749493444841806,-0.3233481910635711, 0.05226874265071302, 0.06369239025122754, -0.022594586131805913, 0.002838720813004481, -0.00016200300477040502, 0.0},
  {0.0, 0.0, 0.0, 0.0, 0.0, 0.0, 0.0, -0.39589629040361757, 0.03324762673480191, 0.5646096432388408, 0.020050969900816108, -0.21158263459548787, -0.15591410712024154, 0.0902715835895722, -0.010841253749067033, 0.00026000451305942116, 0.00012549475611116112,0.0, 0.0},
  {0.0, 0.0, 0.0, 0.0, 0.0, 0.0, -0.28014644468631356, -0.03480693645258465, 0.08590758680478004, 0.2731204818282586, 0.1716020710788063, -0.28520401773461046, -0.07264505941364859, 0.055980112980956585, -0.01066809030095574, 0.0009456705634228839, 0.0, 0.0, 0.0},
  {0.0, 0.0, 0.0, 0.0, 0.0, 0.028466748046731542, -0.06625651821835411, -0.29751540281093153, 0.0563191153834162, 0.6394431672898361, -0.07678524827974906, -0.38584009115838774, 0.11837938070089786, -0.026332240510240475, 0.0028044458684787087, -0.00021791027933373933, 0.0, 0.0, 0.0},
  {0.0, 0.0, 0.0, 0.0, 0.18178449527032903, 0.01476317794651625, -0.30220000921104545, -0.12902342489287755, -0.10584184946214517, 0.9274071307914948, -0.1599978390192252, -0.5467804206710485, 0.23549688989513484, -0.05049633535812078, 0.005406669835258079,-0.0003003705464032266, 0.0, 0.0, 0.0},
  {0.0, 0.0, 0.0, -0.08204783335347555, 0.016487093427148523, 0.1603536583581124, -0.030118806622101292, -0.4874226749890187, -0.1466333872919172, 1.1226367905874093, -0.22865636853738525, -0.5324065545286437, 0.2229775367890737, -0.04707303554436, 0.004955056373090527, -0.00027528090961614037, 0.0, 0.0, 0.0},
  {0.0, 0.0, 0.005528658304609072, -0.005901770901893362, -0.019432502198926033, 0.023419997911872836, 0.15090229523061155, -0.5056536068703267, -0.2307303402027388, 1.167269544288457, -0.22919210331216588, -0.5376123590672737, 0.225, -0.0475, 0.005, -0.0002777777777777778, 0.0, 0.0, 0.0},
  {0.0, 0.0008474233838329283, 0.0007414820433114904, 0.000466047413768237, -0.004463132338747647, -0.033566618679984686, 0.21778367929867662, -0.5372356179638936, -0.22919210331216588, 1.1703759020030884, -0.22997752818654527, -0.5375, 0.225, -0.0475, 0.005, -0.0002777777777777778, 0.0, 0.0, 0.0},
  {-0.00024775281865452634, -4.231565092610304e-5, 0.00022494419746366424, 0.0003956334033876952, 0.0035749242469236293, -0.04669818658874185, 0.225, -0.5376123590672737, -0.22997752818654527, 1.170553058687394, -0.23, -0.5375, 0.225, -0.0475, 0.005, -0.0002777777777777778, 0.0, 0.0, 0.0},
  // central coefficients
  {0.0, 0.0, 0.0, -0.0002777777777777778, 0.005, -0.0475, 0.225, -0.5375, -0.23, 1.1705555555555556, -0.23, -0.5375, 0.225, -0.0475, 0.005, -0.0002777777777777778, 0.0, 0.0, 0.0},
  // right boundary coefficients
  {0.0, 0.0, 0.0, -0.0002777777777777778, 0.005, -0.0475, 0.225, -0.5375, -0.23, 1.170553058687394, -0.22997752818654527, -0.5376123590672737, 0.225, -0.04669818658874185, 0.0035749242469236293, 0.0003956334033876952, 0.00022494419746366424, -4.231565092610304e-5, -0.00024775281865452634},
  {0.0, 0.0, 0.0, -0.0002777777777777778, 0.005, -0.0475, 0.225, -0.5375, -0.22997752818654527, 1.1703759020030884, -0.22919210331216588, -0.5372356179638936, 0.21778367929867662, -0.033566618679984686, -0.004463132338747647, 0.000466047413768237, 0.0007414820433114904, 0.0008474233838329283, 0.0},
  {0.0, 0.0, 0.0, -0.0002777777777777778, 0.005, -0.0475, 0.225, -0.5376123590672737, -0.22919210331216588, 1.167269544288457, -0.2307303402027388, -0.5056536068703267, 0.15090229523061155, 0.023419997911872836, -0.019432502198926033, -0.005901770901893362,0.005528658304609072, 0.0, 0.0},
  {0.0, 0.0, 0.0, -0.00027528090961614037, 0.004955056373090527, -0.04707303554436, 0.2229775367890737, -0.5324065545286437, -0.22865636853738525, 1.1226367905874093, -0.1466333872919172, -0.4874226749890187, -0.030118806622101292, 0.1603536583581124, 0.016487093427148523, -0.08204783335347555, 0.0, 0.0, 0.0},
  {0.0, 0.0, 0.0, -0.0003003705464032266, 0.005406669835258079, -0.05049633535812078, 0.23549688989513484, -0.5467804206710485, -0.1599978390192252, 0.9274071307914948, -0.10584184946214517, -0.12902342489287755, -0.30220000921104545, 0.01476317794651625, 0.18178449527032903, 0.0, 0.0, 0.0, 0.0},
  {0.0, 0.0, 0.0, -0.00021791027933373933, 0.0028044458684787087, -0.026332240510240475, 0.11837938070089786, -0.38584009115838774, -0.07678524827974906, 0.6394431672898361, 0.0563191153834162, -0.29751540281093153, -0.06625651821835411, 0.028466748046731542, 0.0, 0.0, 0.0, 0.0, 0.0},
  {0.0, 0.0, 0.0, 0.0009456705634228839, -0.01066809030095574, 0.055980112980956585, -0.07264505941364859, -0.28520401773461046,0.1716020710788063, 0.2731204818282586, 0.08590758680478004, -0.03480693645258465, -0.28014644468631356, 0.0, 0.0, 0.0, 0.0, 0.0, 0.0},
  {0.0, 0.0, 0.00012549475611116112, 0.00026000451305942116, -0.010841253749067033, 0.0902715835895722, -0.15591410712024154, -0.21158263459548787, 0.020050969900816108, 0.5646096432388408, 0.03324762673480191, -0.39589629040361757, 0.0, 0.0, 0.0, 0.0, 0.0,0.0, 0.0},
  {0.0, -0.00016200300477040502, 0.002838720813004481, -0.022594586131805913, 0.06369239025122754, 0.05226874265071302, -0.3233481910635711, -0.055749493444841806, 0.2281560082690572, 0.29968410909818916, -0.04672826978408694, 0.0, 0.0, 0.0, 0.0, 0.0, 0.0, 0.0, 0.0},
  {-0.00016254266589651946, 0.0005559672608339753, 0.003627175119711488, -0.05431719019355113, 0.11029244583171628, 0.02380709547758367, -0.07689302932088085, -0.46556403405866437, -0.008007674862330453, 1.2873140685145867, 0.0, 0.0, 0.0, 0.0, 0.0, 0.0, 0.0, 0.0, 0.0},
  {0.0, 0.0, 0.0, 0.0, 0.0, 0.0, 0.0, 0.0, 0.0, 0.0, 0.0, 0.0, 0.0, 0.0, 0.0, 0.0, 0.0, 0.0, 0.0}
};

// coefficients for the narrow stencil operator using homogeneous Dirichlet boundary conditions
// have not been derived
#ifdef USE_LAPLACE_NARROW_STENCIL_DIRICHLET
#error "Error in include/6thOrderExtended.h: Coefficients of the narrow stencil operator using homogeneous Dirichlet boundary conditions have not been derived."
#endif

// coefficients for the wide stencil operator using the least norm solution
#define NUM_BOUNDS_LAPLACE_WS_LN 11
#define STENCIL_WIDTH_LAPLACE_WS_LN 21

REAL constant SBP_minus_laplace_WS_LN[2*NUM_BOUNDS_LAPLACE_WS_LN+1][STENCIL_WIDTH_LAPLACE_WS_LN] = {
  // left boundary coefficients
  {0.0, 0.0, 0.0, 0.0, 0.0, 0.0, 0.0, 0.0, 0.0, 0.0, 3.977031062451732, 3.400171522069333, -0.46735740548936355, -1.8858755249088164, -0.10691433296876363, 1.323921666796512, -0.515851245178788, 0.018459336708902246, -0.002778327998317797, -0.0016999783327170993, 0.0003637404619747172},
  {0.0, 0.0, 0.0, 0.0, 0.0, 0.0, 0.0, 0.0, 0.0, 0.6584134402799249, 1.2873140685145867, -0.008007674862330453, -0.46556403405866437, -0.07689302932088085, 0.02380709547758367, 0.11029244583171628, -0.05431719019355113, 0.003627175119711488, 0.0005559672608339753, -0.00016254266589651946, 0.0},
  {0.0, 0.0, 0.0, 0.0, 0.0, 0.0, 0.0, 0.0, -0.5281049767511123, -0.04672826978408694, 0.29968410909818916, 0.2281560082690572, -0.055749493444841806, -0.3233481910635711, 0.05226874265071302, 0.06369239025122754, -0.022594586131805913, 0.002838720813004481,-0.00016200300477040502, 0.0, 0.0},
  {0.0, 0.0, 0.0, 0.0, 0.0, 0.0, 0.0, -0.31053667310520033, -0.39589629040361757, 0.03324762673480191, 0.5646096432388408, 0.020050969900816108, -0.21158263459548787, -0.15591410712024154, 0.0902715835895722, -0.010841253749067033, 0.00026000451305942116, 0.00012549475611116112, 0.0, 0.0, 0.0},
  {0.0, 0.0, 0.0, 0.0, 0.0, 0.0, -0.0754278861767843, -0.28014644468631356, -0.03480693645258465, 0.08590758680478004, 0.2731204818282586, 0.1716020710788063, -0.28520401773461046, -0.07264505941364859, 0.055980112980956585, -0.01066809030095574, 0.0009456705634228839, 0.0, 0.0, 0.0, 0.0},
  {0.0, 0.0, 0.0, 0.0, 0.0, 0.30654313566854857, 0.028466748046731542, -0.06625651821835411, -0.29751540281093153, 0.0563191153834162, 0.6394431672898361, -0.07678524827974906, -0.38584009115838774, 0.11837938070089786, -0.026332240510240475, 0.0028044458684787087, -0.00021791027933373933, 0.0, 0.0, 0.0, 0.0},
  {0.0, 0.0, 0.0, 0.0, -0.16463926408118854, 0.18178449527032903, 0.01476317794651625, -0.30220000921104545, -0.12902342489287755, -0.10584184946214517, 0.9274071307914948, -0.1599978390192252, -0.5467804206710485, 0.23549688989513484, -0.05049633535812078,0.005406669835258079, -0.0003003705464032266, 0.0, 0.0, 0.0, 0.0},
  {0.0, 0.0, 0.0, 0.005399378523200368, -0.08204783335347555, 0.016487093427148523, 0.1603536583581124, -0.030118806622101292, -0.4874226749890187, -0.1466333872919172, 1.1226367905874093, -0.22865636853738525, -0.5324065545286437, 0.2229775367890737, -0.04707303554436, 0.004955056373090527, -0.00027528090961614037, 0.0, 0.0, 0.0, 0.0},
  {0.0, 0.0, -0.0008200354044483759, 0.005528658304609072, -0.005901770901893362, -0.019432502198926033, 0.023419997911872836, 0.15090229523061155, -0.5056536068703267, -0.2307303402027388, 1.167269544288457, -0.22919210331216588, -0.5376123590672737, 0.225, -0.0475, 0.005, -0.0002777777777777778, 0.0, 0.0, 0.0, 0.0},
  {0.0, -0.000501755883562775, 0.0008474233838329283, 0.0007414820433114904, 0.000466047413768237, -0.004463132338747647, -0.033566618679984686, 0.21778367929867662, -0.5372356179638936, -0.22919210331216588, 1.1703759020030884, -0.22997752818654527, -0.5375, 0.225, -0.0475, 0.005, -0.0002777777777777778, 0.0, 0.0, 0.0, 0.0},
  {0.00010735955475029473, -0.00024775281865452634, -4.231565092610304e-5, 0.00022494419746366424, 0.0003956334033876952, 0.0035749242469236293, -0.04669818658874185, 0.225, -0.5376123590672737, -0.22997752818654527, 1.170553058687394, -0.23, -0.5375, 0.225, -0.0475, 0.005, -0.0002777777777777778, 0.0, 0.0, 0.0, 0.0},
  // central coefficients
  {0.0, 0.0, 0.0, 0.0, -0.0002777777777777778, 0.005, -0.0475, 0.225, -0.5375, -0.23, 1.1705555555555556, -0.23, -0.5375, 0.225,-0.0475, 0.005, -0.0002777777777777778, 0.0, 0.0, 0.0, 0.0},
  // right boundary coefficients
  {0.0, 0.0, 0.0, 0.0, -0.0002777777777777778, 0.005, -0.0475, 0.225, -0.5375, -0.23, 1.170553058687394, -0.22997752818654527, -0.5376123590672737, 0.225, -0.04669818658874185, 0.0035749242469236293, 0.0003956334033876952, 0.00022494419746366424, -4.231565092610304e-5, -0.00024775281865452634, 0.00010735955475029473},
  {0.0, 0.0, 0.0, 0.0, -0.0002777777777777778, 0.005, -0.0475, 0.225, -0.5375, -0.22997752818654527, 1.1703759020030884, -0.22919210331216588, -0.5372356179638936, 0.21778367929867662, -0.033566618679984686, -0.004463132338747647, 0.000466047413768237, 0.0007414820433114904, 0.0008474233838329283, -0.000501755883562775, 0.0},
  {0.0, 0.0, 0.0, 0.0, -0.0002777777777777778, 0.005, -0.0475, 0.225, -0.5376123590672737, -0.22919210331216588, 1.167269544288457, -0.2307303402027388, -0.5056536068703267, 0.15090229523061155, 0.023419997911872836, -0.019432502198926033, -0.005901770901893362, 0.005528658304609072, -0.0008200354044483759, 0.0, 0.0},
  {0.0, 0.0, 0.0, 0.0, -0.00027528090961614037, 0.004955056373090527, -0.04707303554436, 0.2229775367890737, -0.5324065545286437, -0.22865636853738525, 1.1226367905874093, -0.1466333872919172, -0.4874226749890187, -0.030118806622101292, 0.1603536583581124, 0.016487093427148523, -0.08204783335347555, 0.005399378523200368, 0.0, 0.0, 0.0},
  {0.0, 0.0, 0.0, 0.0, -0.0003003705464032266, 0.005406669835258079, -0.05049633535812078, 0.23549688989513484, -0.5467804206710485, -0.1599978390192252, 0.9274071307914948, -0.10584184946214517, -0.12902342489287755, -0.30220000921104545, 0.01476317794651625, 0.18178449527032903, -0.16463926408118854, 0.0, 0.0, 0.0, 0.0},
  {0.0, 0.0, 0.0, 0.0, -0.00021791027933373933, 0.0028044458684787087, -0.026332240510240475, 0.11837938070089786, -0.38584009115838774, -0.07678524827974906, 0.6394431672898361, 0.0563191153834162, -0.29751540281093153, -0.06625651821835411, 0.028466748046731542, 0.30654313566854857, 0.0, 0.0, 0.0, 0.0, 0.0},
  {0.0, 0.0, 0.0, 0.0, 0.0009456705634228839, -0.01066809030095574, 0.055980112980956585, -0.07264505941364859, -0.28520401773461046, 0.1716020710788063, 0.2731204818282586, 0.08590758680478004, -0.03480693645258465, -0.28014644468631356, -0.0754278861767843, 0.0, 0.0, 0.0, 0.0, 0.0, 0.0},
  {0.0, 0.0, 0.0, 0.00012549475611116112, 0.00026000451305942116, -0.010841253749067033, 0.0902715835895722, -0.15591410712024154, -0.21158263459548787, 0.020050969900816108, 0.5646096432388408, 0.03324762673480191, -0.39589629040361757, -0.31053667310520033, 0.0, 0.0, 0.0, 0.0, 0.0, 0.0, 0.0},
  {0.0, 0.0, -0.00016200300477040502, 0.002838720813004481, -0.022594586131805913, 0.06369239025122754, 0.05226874265071302, -0.3233481910635711, -0.055749493444841806, 0.2281560082690572, 0.29968410909818916, -0.04672826978408694, -0.5281049767511123, 0.0,0.0, 0.0, 0.0, 0.0, 0.0, 0.0, 0.0},
  {0.0, -0.00016254266589651946, 0.0005559672608339753, 0.003627175119711488, -0.05431719019355113, 0.11029244583171628, 0.02380709547758367, -0.07689302932088085, -0.46556403405866437, -0.008007674862330453, 1.2873140685145867, 0.6584134402799249, 0.0, 0.0, 0.0, 0.0, 0.0, 0.0, 0.0, 0.0, 0.0},
  {0.0003637404619747172, -0.0016999783327170993, -0.002778327998317797, 0.018459336708902246, -0.515851245178788, 1.323921666796512, -0.10691433296876363, -1.8858755249088164, -0.46735740548936355, 3.400171522069333, 3.977031062451732, 0.0, 0.0, 0.0, 0.0, 0.0, 0.0, 0.0, 0.0, 0.0, 0.0}
};

REAL constant SBP_diff_adjoint[2*NUM_BOUNDS+1][STENCIL_WIDTH] = {
  // left boundary coefficients
  {0.0, 0.0, 0.0, 0.0, 0.0, 0.0, 0.0, -1.694029296324548, -2.2544400845574146, 0.08620936936595677, 0.6743331558049105, 0.07168333624323447, -0.38115659167302335, 0.08731913763956911, 0.022022380852219126},
  {0.0, 0.0, 0.0, 0.0, 0.0, 0.0, 0.4365525804636584, 0.0, -0.12187865127311552, -0.42004468901091385, -0.0470417141198997, 0.2125755994195112, -0.05032210731569905, -0.009841018163541479, 0.0},
  {0.0, 0.0, 0.0, 0.0, 0.0, -0.09741494725447933, 0.711215002547361, 0.0, -0.8403260918548099, 0.37986080371212877, -0.22013700587387647, 0.07661058352779537, -0.009808344804119466, 0.0, 0.0},
  {0.0, 0.0, 0.0, 0.0, -0.11103870430595493, 0.35718853265672956, 0.12245501860532282, 0.0, -0.14863285514606336, -0.3046668200409279, 0.07709684669473892, 0.007597981536154871, 0.0, 0.0, 0.0},
  {0.0, 0.0, 0.0, -0.05057247589531842, 0.17138834402848946, -0.23716432273447202, 0.6368115841111023, 0.0, -0.45802944394754846, -0.11968856778065982, 0.05725488221840702, 0.0, 0.0, 0.0, 0.0},
  {0.0, 0.0, 0.08825366313016443, -0.25418203725254873, 0.04510775672577946, 0.42840506197919914, 0.15032343689393768, 0.0, -0.49588737738338984, 0.05105411266688221, -0.013074616760024358, 0.0, 0.0, 0.0, 0.0},
  {0.0, -0.027868806551392657, 0.08294111904346851, -0.02163847109859378, -0.1494327114564729, 0.05414590249550342, 0.6835380274603214, 0.0, -0.7658629221663829, 0.16220009505774236, -0.018022232784193595, 0.0, 0.0, 0.0, 0.0},
  {-0.006441573285017685, 0.01486516911927158, 0.0025389390555661823, -0.013496651847819854, -0.023738004203261713, -0.06449545481541777, 0.7018911953245108, 0.0, -0.743258455963579, 0.1486516911927158, -0.016516854576968422, 0.0, 0.0, 0.0, 0.0},
  // central coefficients
  {0.0, 0.0, 0.0, 0.0, 0.016666666666666666, -0.15, 0.75, 0.0, -0.75, 0.15, -0.016666666666666666, 0.0, 0.0, 0.0, 0.0},
  // right boundary coefficients
  {0.0, 0.0, 0.0, 0.0, 0.016516854576968422, -0.1486516911927158, 0.743258455963579, 0.0, -0.7018911953245108, 0.06449545481541777, 0.023738004203261713, 0.013496651847819854, -0.0025389390555661823, -0.01486516911927158, 0.006441573285017685},
  {0.0, 0.0, 0.0, 0.0, 0.018022232784193595, -0.16220009505774236, 0.7658629221663829, 0.0, -0.6835380274603214, -0.05414590249550342, 0.1494327114564729, 0.02163847109859378, -0.08294111904346851, 0.027868806551392657, 0.0},
  {0.0, 0.0, 0.0, 0.0, 0.013074616760024358, -0.05105411266688221, 0.49588737738338984, 0.0, -0.15032343689393768, -0.42840506197919914, -0.04510775672577946, 0.25418203725254873, -0.08825366313016443, 0.0, 0.0},
  {0.0, 0.0, 0.0, 0.0, -0.05725488221840702, 0.11968856778065982, 0.45802944394754846, 0.0, -0.6368115841111023, 0.23716432273447202, -0.17138834402848946, 0.05057247589531842, 0.0, 0.0, 0.0},
  {0.0, 0.0, 0.0, -0.007597981536154871, -0.07709684669473892, 0.3046668200409279, 0.14863285514606336, 0.0, -0.12245501860532282, -0.35718853265672956, 0.11103870430595493, 0.0, 0.0, 0.0, 0.0},
  {0.0, 0.0, 0.009808344804119466, -0.07661058352779537, 0.22013700587387647, -0.37986080371212877, 0.8403260918548099, 0.0, -0.711215002547361, 0.09741494725447933, 0.0, 0.0, 0.0, 0.0, 0.0},
  {0.0, 0.009841018163541479, 0.05032210731569905, -0.2125755994195112, 0.0470417141198997, 0.42004468901091385, 0.12187865127311552, 0.0, -0.4365525804636584, 0.0, 0.0, 0.0, 0.0, 0.0, 0.0},
  {-0.022022380852219126, -0.08731913763956911, 0.38115659167302335, -0.07168333624323447, -0.6743331558049105, -0.08620936936595677, 2.2544400845574146, 1.694029296324548, 0.0, 0.0, 0.0, 0.0, 0.0, 0.0, 0.0}
};
